new_img_width,new_img_height,step,score
32 24 20 0.540670898247
32 24 21 0.534051957578
32 24 22 0.529946757349
32 24 23 0.522291336565
32 24 24 0.527948689238
32 24 25 0.527501156826
32 24 26 0.541532953831
32 24 27 0.51438343843
32 24 28 0.529951335635
32 24 29 0.541308357963
32 24 30 0.568627739486
32 24 31 0.519038831896
32 24 32 0.530166517335
32 24 33 0.543639759172
32 24 34 0.519523252407
32 24 35 0.536630986482
32 24 36 0.488404128879
32 24 37 0.473986890807
32 24 38 0.514713880474
32 24 39 0.538420457057
32 24 40 0.523378553147
32 24 41 0.487769766977
32 24 42 0.494693080325
32 24 43 0.472677029353
32 24 44 0.502720081543
32 24 45 0.463012626709
32 24 46 0.52009181382
32 24 47 0.516229940926
32 24 48 0.537571787136
32 24 49 0.520689995617
32 24 50 0.560622984166
32 24 51 0.529564206069
32 24 52 0.492487562593
32 24 53 0.518913840973
32 24 54 0.482984435083
32 24 55 0.510996186707
32 24 56 0.513644524579
32 24 57 0.513002476429
32 24 58 0.544660248032
32 24 59 0.515838308533
32 24 60 0.53239407086
32 24 61 0.473374322191
32 24 62 0.456056214681
32 24 63 0.4399425958
32 24 64 0.446454152312
32 24 65 0.464671034983
32 24 66 0.446879570833
32 24 67 0.409181708886
32 24 68 0.40878078994
32 24 69 0.366387315217
32 24 70 0.431243458282
32 24 71 0.358985189847
32 24 72 0.308603015699
32 24 73 0.322540888375
32 24 74 0.391905688737
32 24 75 0.459898456197
32 24 76 0.430384703284
32 24 77 0.588089254346
32 24 78 0.54561772178
32 24 79 0.565411087803
36 27 20 0.543426560958
36 27 21 0.538076110954
36 27 22 0.548694136957
36 27 23 0.52760559969
36 27 24 0.527669060281
36 27 25 0.519626195821
36 27 26 0.531478446143
36 27 27 0.522137632037
36 27 28 0.518661640281
36 27 29 0.538951532276
36 27 30 0.564778552692
36 27 31 0.525585177468
36 27 32 0.525772271734
36 27 33 0.569372123995
36 27 34 0.529236415273
36 27 35 0.540192929038
36 27 36 0.50570231936
36 27 37 0.500158705224
36 27 38 0.523612378415
36 27 39 0.547543797356
36 27 40 0.54116458808
36 27 41 0.496745982826
36 27 42 0.485274605401
36 27 43 0.459013502628
36 27 44 0.488535363803
36 27 45 0.451334743184
36 27 46 0.515934476865
36 27 47 0.54177682009
36 27 48 0.527615800928
36 27 49 0.527794144797
36 27 50 0.539168814905
36 27 51 0.507948157618
36 27 52 0.476815252024
36 27 53 0.501221882711
36 27 54 0.49012356111
36 27 55 0.512361398325
36 27 56 0.496039206003
36 27 57 0.436336177903
36 27 58 0.521832700463
36 27 59 0.50796080003
36 27 60 0.514026643222
36 27 61 0.5082677291
36 27 62 0.50262038159
36 27 63 0.491458427211
36 27 64 0.484660777198
36 27 65 0.48001451073
36 27 66 0.462577644868
36 27 67 0.39981506386
36 27 68 0.370217464758
36 27 69 0.345441254796
36 27 70 0.397948079454
36 27 71 0.353911721923
36 27 72 0.308483956431
36 27 73 0.286789735266
36 27 74 0.3442149923
36 27 75 0.473495002216
36 27 76 0.424122518517
36 27 77 0.527041440976
36 27 78 0.523445046914
36 27 79 0.552142821558
40 30 20 0.582239484108
40 30 21 0.559234383423
40 30 22 0.581967605822
40 30 23 0.567416607039
40 30 24 0.578024857143
40 30 25 0.568141838046
40 30 26 0.565388344412
40 30 27 0.54501978026
40 30 28 0.561314329339
40 30 29 0.569228399612
40 30 30 0.592726298118
40 30 31 0.570059037197
40 30 32 0.581962315111
40 30 33 0.601494018478
40 30 34 0.582606279956
40 30 35 0.570289270592
40 30 36 0.546750556657
40 30 37 0.529260408107
40 30 38 0.548017884773
40 30 39 0.575292937371
40 30 40 0.571944344628
40 30 41 0.53544759676
40 30 42 0.521885145668
40 30 43 0.498431999408
40 30 44 0.534917443713
40 30 45 0.492758351544
40 30 46 0.549913015836
40 30 47 0.570495745734
40 30 48 0.591421371941
40 30 49 0.559345748393
40 30 50 0.592194761539
40 30 51 0.56524745902
40 30 52 0.526796734737
40 30 53 0.525549088123
40 30 54 0.51309997146
40 30 55 0.527782950675
40 30 56 0.528115305368
40 30 57 0.492106983606
40 30 58 0.536776485108
40 30 59 0.516683674536
40 30 60 0.552851147357
40 30 61 0.499388743355
40 30 62 0.51121329931
40 30 63 0.514337741502
40 30 64 0.532946200297
40 30 65 0.554405589197
40 30 66 0.533115222803
40 30 67 0.526168783396
40 30 68 0.520870463337
40 30 69 0.497635531812
40 30 70 0.491226315211
40 30 71 0.475681298536
40 30 72 0.478541195963
40 30 73 0.402662372068
40 30 74 0.482034101799
40 30 75 0.50764728605
40 30 76 0.475467578454
40 30 77 0.595721157187
40 30 78 0.571942559235
40 30 79 0.576190077816
44 33 20 0.616620623654
44 33 21 0.607192216175
44 33 22 0.60073101052
44 33 23 0.59525879697
