32 24 80 0.58568946018
32 24 75 0.60333623535
32 24 70 0.605058378673
32 24 65 0.66840921813
32 24 60 0.689870787374
32 24 55 0.666523589365
32 24 50 0.732854654312
32 24 45 0.662248501875
32 24 40 0.679493748735
32 24 35 0.67696282781
32 24 30 0.718429090686
32 24 25 0.677867650732
36 27 80 0.585812036353
36 27 75 0.564384317795
36 27 70 0.602919182346
36 27 65 0.633622620771
36 27 60 0.632404554988
36 27 55 0.630618510294
36 27 50 0.692259235391
36 27 45 0.626750337499
36 27 40 0.660518158453
36 27 35 0.62030550573
36 27 30 0.695133005689
36 27 25 0.683164088369
40 30 80 0.640091597893
40 30 75 0.600222181207
40 30 70 0.626551901949
40 30 65 0.686643045146
40 30 60 0.64888465304
40 30 55 0.65344187747
40 30 50 0.685640974535
40 30 45 0.62840680871
40 30 40 0.644351422316
40 30 35 0.707747582514
40 30 30 0.719284103449
40 30 25 0.684246570963
44 33 80 0.6977092028
44 33 75 0.626961992261
44 33 70 0.653430251326
44 33 65 0.664765548085
44 33 60 0.616801219551
44 33 55 0.664539100573
44 33 50 0.723423029844
44 33 45 0.608677995504
44 33 40 0.680023295079
44 33 35 0.717643429694
44 33 30 0.682617860853
44 33 25 0.696185450343
48 36 80 0.704355185624
48 36 75 0.615089083513
48 36 70 0.586323573147
48 36 65 0.668244315277
48 36 60 0.634439868927
48 36 55 0.682164989937
48 36 50 0.678258711335
48 36 45 0.64116266927
48 36 40 0.683172481768
48 36 35 0.668867209596
48 36 30 0.713541316764
48 36 25 0.701034935654
52 39 80 0.699845356384
52 39 75 0.596944399478
52 39 70 0.591725981719
52 39 65 0.587219262002
52 39 60 0.633628680149
52 39 55 0.654682758987
52 39 50 0.69788408752
52 39 45 0.617955973125
52 39 40 0.68697155879
52 39 35 0.695874923106
52 39 30 0.707521728717
52 39 25 0.703556531809
56 42 80 0.701472210671
56 42 75 0.611050662311
56 42 70 0.658151433196
56 42 65 0.676140153111
56 42 60 0.649621095945
56 42 55 0.642354071975
56 42 50 0.720830540001
56 42 45 0.650348039781
56 42 40 0.69385626723
56 42 35 0.705688226141
56 42 30 0.714584749111
56 42 25 0.744725147394
60 45 80 0.693164489189
60 45 75 0.609120814875
60 45 70 0.613769944653
60 45 65 0.665067768238
60 45 60 0.644598119671
60 45 55 0.660295528802
60 45 50 0.676880200575
60 45 45 0.649169241611
60 45 40 0.699114056672
60 45 35 0.648734802253
60 45 30 0.699406912089
60 45 25 0.70668716197
64 48 80 0.725819394238
64 48 75 0.654486251832
64 48 70 0.651208174339
64 48 65 0.682987132572
64 48 60 0.589444115969
64 48 55 0.64634993447
64 48 50 0.728318949417
64 48 45 0.667645718424
64 48 40 0.696592904483
64 48 35 0.649893404678
64 48 30 0.735245835311
64 48 25 0.720535880042
68 51 80 0.680696453122
68 51 75 0.694650963548
68 51 70 0.647660250838
68 51 65 0.615455807961
68 51 60 0.634798649961
68 51 55 0.668463864639
68 51 50 0.697564586939
68 51 45 0.657374702473
68 51 40 0.684529594209
68 51 35 0.627703188099
68 51 30 0.733125309758
68 51 25 0.733582584298
72 54 80 0.683826632961
72 54 75 0.672793706598
72 54 70 0.652921451369
72 54 65 0.621328168524
72 54 60 0.663899773178
72 54 55 0.664258272091
72 54 50 0.709970774622
72 54 45 0.648806855383
72 54 40 0.721637430638
72 54 35 0.704898792628
72 54 30 0.715998391037
72 54 25 0.745730868432
76 57 80 0.726221076628
76 57 75 0.652779160208
76 57 70 0.655717742921
76 57 65 0.668617488658
76 57 60 0.598250673173
76 57 55 0.64877352835
76 57 50 0.728056284197
76 57 45 0.664813625342
76 57 40 0.675455340764
76 57 35 0.703790619836
76 57 30 0.737343578942
76 57 25 0.740397649316
80 60 80 0.685362780192
80 60 75 0.67345020297
80 60 70 0.711115156568
80 60 65 0.649118984926
80 60 60 0.621620883522
